[Variables]
mmu__revision = 1021
mmu_calibration_bowden_home = 'encoder'
mmu_calibration_bowden_lengths = [1362.563695, 1362.563695, 1362.563695, 1362.563695, 1362.563695, 1362.563695, 1362.563695, 1362.563695, 1362.563695, 1362.563695, 1362.563695, 1362.563695]
mmu_calibration_clog_length = 29.16210190000004
mmu_encoder_resolution = 0.955414
mmu_gear_rotation_distances = [21.875724, 22.076019, 22.145687, 21.988934, 22.912034, 22.537569, 22.554986, 23.068787, 22.520152, 22.197938, 22.424358, 22.467901]
mmu_selector_bypass = 267.2425
mmu_selector_offsets = [1.4, 24.4, 47.3, 70.2, 93.1, 116.0, 139.0, 161.9, 184.8, 207.7, 230.6, 253.6]
mmu_servo_angles = {'down': 125, 'up': 30, 'move': 61}
mmu_state_filament_pos = 0
mmu_state_gate_selected = 0
mmu_state_gate_status = [1, 0, 0, 0, 0, 0, 0, 0, 0, 0, 0, 0]
mmu_state_tool_selected = 0
mmu_state_tool_to_gate_map = [0, 1, 2, 3, 4, 5, 6, 7, 8, 9, 10, 11]
mmu_statistics_counters = {'servo_down': {'count': 98, 'limit': 5000, 'warning': 'Inspect servo arm for wear/damage', 'pause': False}, 'mmu_restarts': {'count': 80, 'limit': -1, 'warning': ''}, 'cutter_blade': {'count': 0, 'limit': 3000, 'warning': 'Inspect/replace filament cutting blade', 'pause': False}}

